import struct
import posix

tw_releases = (
    316607712, 316607768, 316607824, 316607880, 316607936, 316607992, 316608048,
    316608104, 316608160, 316608216, 316608272, 316608328, 316608384, 316608440,
    316608496, 316608552, 316608608, 316608664, 316608720, 316608776, 316608832,
    316608888, 316608944, 316609000, 316609056, 316609112, 316609168, 316609224,
    316609280, 316609336, 316609392, 316609448, 316609504, 316609560, 316609616,
    316609672, 316609728, 316609784, 316609840, 316609896, 316609952, 316610008,
    316610064, 316610120, 316610176, 316610232, 316610288, 316610344, 316610400,
    316610456, 316610512, 316610568, 316610624, 316610680, 316610736, 316610792,
    316610848, 316610904, 316610960, 316611016, 316611072, 316611128, 316611184,
    316611240, 316611296, 316611352, 316611408, 316611464, 316611520, 316611576,
    316611632, 316611688, 316611744, 316611800, 316611856, 316611912, 316611968,
    316612024, 316612080, 316612136, 316612192, 316612248, 316612304, 316612360,
    316612416, 316612472, 316612528, 316612584, 316612640, 316612696, 316612752,
    316612808, 316612864, 316612920, 316612976, 316613032, 316613088, 316613144,
    316613200, 316613256, 316613312, 316613368, 316613424, 316613480, 316613536,
    316613592, 316613648, 316613704, 316613760, 316613816, 316613872, 316613928,
    316613984, 316614040, 316614096, 316614152, 316614208, 316614264, 316614320,
    316614376, 316614432, 316614488, 316614544, 316614600, 316614656, 316614712,
    316614768, 316614824, 316614880, 316614936, 316614992, 316615048, 316615104,
    316615160, 316615216, 316615272, 316615328, 316615384, 316615440, 316615496,
    316615552, 316615608, 316615664, 316615720, 316615776, 316615832, 316615888,
    316615944, 316616000, 316616056, 316616112, 316616168, 316616224, 316616280,
    316616336, 316616392, 316616448, 316616504, 316616560, 316616616, 316616672,
    316616728, 316616784, 316616840, 316616896, 316616952, 316617008, 316617064,
    316617120, 316617176, 316617232, 316617288, 316617344, 316617400, 316617456,
    316617512, 316617568, 316617624, 316617680, 316617736, 316617792, 316617848,
    316617904, 316617960, 316618016, 316618072, 316618128, 316618184, 316618240,
    316618296, 316618352, 316618408, 316618464, 316618520, 316618576, 316618632,
    316618688, 316618744, 316618800, 316618856, 316618912, 316618968, 316619024,
    316619080, 316619136, 316619192, 316619248, 316619304, 316619360, 316619416,
    316619472, 316619528, 316619584, 316619640, 316619696, 316619752, 316619808,
    316619864, 316619920, 316619976, 316620032, 316620088, 316620144, 316620200,
    316620256, 316620312, 316620368, 316620424, 316620480, 316620536, 316620592,
    316620648, 316620704, 316620760, 316620816, 316620872, 316620928, 316620984,
    316621040, 316621096, 316621152, 316621208, 316621264, 316621320, 316621376,
    316621432, 316621488, 316621544, 316621600, 316621656, 316621712, 316621768,
    316621824, 316621880, 316621936, 316621992, 316622048, 316622104, 316622160,
    316622216, 316622272, 316622328, 316622384, 316622440, 316622496, 316622552,
    316622608, 316622664, 316622720, 316622776, 316622832, 316622888, 316622944,
    316623000, 316623056, 316623112, 316623168, 316623224, 316623280, 316623336,
    316623392, 316623448, 316623504, 316623560, 316623616, 316623672, 316623728,
    316623784, 316623840, 316623896, 316623952, 316624008, 316624064, 316624120,
    316624176, 316624232, 316624288, 316624344, 316624400, 316624456, 316624512,
    316624568, 316624624, 316624680, 316624736, 316624792, 316624848, 316624904,
    316624960, 316625016, 316625072, 316625128, 316625184, 316625240, 316625296,
    316625352, 316625408, 316625464, 316625520, 316625576, 316625632, 316625688,
    316625744, 316625800, 316625856, 316625912, 316625968, 316626024, 316626080,
    316626136, 316626192, 316626248, 316626304, 316626360, 316626416, 316626472,
    316626528, 316626584, 316626640, 316626696, 316626752, 316626808, 316626864,
    316626920, 316626976, 316627032, 316627088, 316627144, 316627200, 316627256,
    316627312, 316627368, 316627424, 316627480, 316627536, 316627592, 316627648,
    316627704, 316627760, 316627816, 316627872, 316627928, 316627984, 316628040,
    316628096, 316628152, 316628208, 316628264, 316628320, 316628376, 316628432,
    316628488, 316628544, 316628600, 316628656, 316628712, 316628768, 316628824,
    316628880, 316628936, 316628992, 316629048, 316629104, 316629160, 316629216,
    316629272, 316629328, 316629384, 316629440, 316629496, 316629552, 316629608,
    316629664, 316629720, 316629776, 316629832, 316629888, 316629944, 316630000,
    316630056, 316630112, 316630168, 316630224, 316630280, 316630336, 316630392,
    316630448, 316630504, 316630560, 316630616, 316630672, 316630728, 316630784,
    316630840, 316630896, 316630952, 316631008, 316631064, 316631120, 316631176,
    316631232, 316631288, 316631344, 316631400, 316631456, 316631512, 316631568,
    316631624, 316631680, 316631736, 316631792, 316631848, 316631904, 316631960,
    316632016, 316632072, 316632128, 316632184, 316632240, 316632296, 316632352,
    316632408, 316632464, 316632520, 316632576, 316632632, 316632688, 316632744,
    316632800, 316632856, 316632912, 316632968, 316633024, 316633080, 316633136,
    316633192, 316633248, 316633304, 316633360, 316633416, 316633472, 316633528,
    316633584, 316633640, 316633696, 316633752, 316633808, 316633864, 316633920,
    316633976, 316634032, 316634088, 316634144, 316634200, 316634256, 316634312,
    316634368, 316634424, 316634480, 316634536, 316634592, 316634648, 316634704,
    316634760, 316634816, 316634872, 316634928, 316634984, 316635040, 316635096,
    316635152, 316635208, 316635264, 316635320, 316635376, 316635432, 316635488,
    316635544, 316635600, 316635656, 316635712, 316635768, 316635824, 316635880,
    316635936, 316635992, 316636048, 316636104, 316636160, 316636216, 316636272,
    316636328, 316636384, 316636440, 316636496, 316636552, 316636608, 316636664,
    316636720, 316636776, 316636832, 316636888, 316636944, 316637000, 316637056,
    316637112, 316637168, 316637224, 316637280, 316637336, 316637392, 316637448,
    316637504, 316637560, 316637616, 316637672, 316637728, 316637784, 316637840,
    316637896, 316637952, 316638008, 316638064, 316638120, 316638176, 316638232,
    316638288, 316638344, 316638400, 316638456, 316638512, 316638568, 316638624,
    316638680, 316638736, 316638792, 316638848, 316638904, 316638960, 316639016,
    316639072, 316639128, 316639184, 316639240, 316639296, 316639352, 316639408,
    316639464, 316639520, 316639576, 316639632, 316639688, 316639744, 316639800,
)

bg_releases = ( 2066998096, 2066998152, 2066998208, 2066998264, 2066998320, 2066998376,
        2066998432, 2066998488, 2066998544, 2066998600, 2066998656, 2066998712,
        2066998768, 2066998824, 2066998880, 2066998936, 2066998992, 2066999048,
        2066999104, 2066999160, 2066999216, 2066999272, 2066999328, 2066999384,
        2066999440, 2066999496, 2066999552, 2066999608, 2066999664, 2066999720,
        2066999776, 2066999832, 2066999888, 2066999944, 2067000000, 2067000056,
        2067000112, 2067000168, 2067000224, 2067000280, 2067000336, 2067000392,
        2067000448, 2067000504, 2067000560, 2067000616, 2067000672, 2067000728,
        2067000784, 2067000840, 2067000896, 2067000952, 2067001008, 2067001064,
        2067001120, 2067001176, 2067001232, 2067001288, 2067001344, 2067001400,
        2067001456, 2067001512, 2067001568, 2067001624, 2067001680, 2067001736,
        2067001792, 2067001848, 2067001904, 2067001960, 2067002016, 2067002072,
        2067002128, 2067002184, 2067002240, 2067002296, 2067002352, 2067002408,
        2067002464, 2067002520, 2067002576, 2067002632, 2067002688, 2067002744,
        2067002800, 2067002856, 2067002912, 2067002968, 2067003024, 2067003080,
        2067003136, 2067003192, 2067003248, 2067003304, 2067003360, 2067003416,
        2067003472, 2067003528, 2067003584, 2067003640, 2067003696, 2067003752,
        2067003808, 2067003864, 2067003920, 2067003976, 2067004032, 2067004088,
        2067004144, 2067004200, 2067004256, 2067004312, 2067004368, 2067004424,
        2067004480, 2067004536, 2067004592, 2067004648, 2067004704, 2067004760,
        2067004816, 2067004872, 2067004928, 2067004984, 2067005040, 2067005096,
        2067005152, 2067005208, 2067005264, 2067005320, 2067005376, 2067005432,
        2067005488, 2067005544, 2067005600, 2067005656, 2067005712, 2067005768,
        2067005824, 2067005880, 2067005936, 2067005992, 2067006048, 2067006104,
        2067006160, 2067006216, 2067006272, 2067006328, 2067006384, 2067006440,
        2067006496, 2067006552, 2067006608, 2067006664, 2067006720, 2067006776,
        2067006832, 2067006888, 2067006944, 2067007000, 2067007056, 2067007112,
        2067007168, 2067007224, 2067007280, 2067007336, 2067007392, 2067007448,
        2067007504, 2067007560, 2067007616, 2067007672, 2067007728, 2067007784,
        2067007840, 2067007896, 2067007952, 2067008008, 2067008064, 2067008120,
        2067008176, 2067008232, 2067008288, 2067008344, 2067008400, 2067008456,
        2067008512, 2067008568, 2067008624, 2067008680, 2067008736, 2067008792,
        2067008848, 2067008904, 2067008960, 2067009016, 2067009072, 2067009128,
        2067009184, 2067009240, 2067009296, 2067009352, 2067009408, 2067009464,
        2067009520, 2067009576, 2067009632, 2067009688, 2067009744, 2067009800,
        2067009856, 2067009912, 2067009968, 2067010024, 2067010080, 2067010136,
        2067010192, 2067010248, 2067010304, 2067010360, 2067010416, 2067010472,
        2067010528, 2067010584, 2067010640, 2067010696, 2067010752, 2067010808,
        2067010864, 2067010920, 2067010976, 2067011032, 2067011088, 2067011144,
        2067011200, 2067011256, 2067011312, 2067011368, 2067011424, 2067011480,
        2067011536, 2067011592, 2067011648, 2067011704, 2067011760, 2067011816,
        2067011872, 2067011928, 2067011984, 2067012040, 2067012096, 2067012152,
        2067012208, 2067012264, 2067012320, 2067012376, 2067012432, 2067012488,
        2067012544, 2067012600, 2067012656, 2067012712, 2067012768, 2067012824,
        2067012880, 2067012936, 2067012992, 2067013048, 2067013104, 2067013160,
        2067013216, 2067013272, 2067013328, 2067013384, 2067013440, 2067013496,
        2067013552, 2067013608, 2067013664, 2067013720, 2067013776, 2067013832,
        2067013888, 2067013944, 2067014000, 2067014056, 2067014112, 2067014168,
        2067014224, 2067014280, 2067014336, 2067014392, 2067014448, 2067014504,
        2067014560, 2067014616, 2067014672, 2067014728, 2067014784, 2067014840,
        2067014896, 2067014952, 2067015008, 2067015064, 2067015120, 2067015176,
        2067015232, 2067015288, 2067015344, 2067015400, 2067015456, 2067015512,
        2067015568, 2067015624, 2067015680, 2067015736, 2067015792, 2067015848,
        2067015904, 2067015960, 2067016016, 2067016072, 2067016128, 2067016184,
        2067016240, 2067016296, 2067016352, 2067016408, 2067016464, 2067016520,
        2067016576, 2067016632, 2067016688, 2067016744, 2067016800, 2067016856,
        2067016912, 2067016968, 2067017024, 2067017080, 2067017136, 2067017192,
        2067017248, 2067017304, 2067017360, 2067017416, 2067017472, 2067017528,
        2067017584, 2067017640, 2067017696, 2067017752, 2067017808, 2067017864,
        2067017920, 2067017976, 2067018032, 2067018088, 2067018144, 2067018200,
        2067018256, 2067018312, 2067018368, 2067018424, 2067018480, 2067018536,
        2067018592, 2067018648, 2067018704, 2067018760, 2067018816, 2067018872,
        2067018928, 2067018984, 2067019040, 2067019096, 2067019152, 2067019208,
        2067019264, 2067019320, 2067019376, 2067019432, 2067019488, 2067019544,
        2067019600, 2067019656, 2067019712, 2067019768, 2067019824, 2067019880,
        2067019936, 2067019992, 2067020048, 2067020104, 2067020160, 2067020216,
        2067020272, 2067020328, 2067020384, 2067020440, 2067020496, 2067020552,
        2067020608, 2067020664, 2067020720, 2067020776, 2067020832, 2067020888,
        2067020944, 2067021000, 2067021056, 2067021112, 2067021168, 2067021224,
        2067021280, 2067021336, 2067021392, 2067021448, 2067021504, 2067021560,
        2067021616, 2067021672, 2067021728, 2067021784, 2067021840, 2067021896,
        2067021952, 2067022008, 2067022064, 2067022120, 2067022176, 2067022232,
        2067022288, 2067022344, 2067022400, 2067022456, 2067022512, 2067022568,
        2067022624, 2067022680, 2067022736, 2067022792, 2067022848, 2067022904,
        2067022960, 2067023016, 2067023072, 2067023128, 2067023184, 2067023240,
        2067023296, 2067023352, 2067023408, 2067023464, 2067023520, 2067023576,
        2067023632, 2067023688, 2067023744, 2067023800, 2067023856, 2067023912,
        2067023968, 2067024024, 2067024080, 2067024136, 2067024192, 2067024248,
        2067024304, 2067024360, 2067024416, 2067024472, 2067024528, 2067024584,
        2067024640, 2067024696, 2067024752, 2067024808, 2067024864, 2067024920,
        2067024976, 2067025032, 2067025088, 2067025144, 2067025200, 2067025256,
        2067025312, 2067025368, 2067025424, 2067025480, 2067025536, 2067025592,
        2067025648, 2067025704, 2067025760, 2067025816, 2067025872, 2067025928,
        2067025984, 2067026040, 2067026096, 2067026152, 2067026208, 2067026264,
        2067026320, 2067026376, 2067026432, 2067026488, 2067026544, 2067026600,
        2067026656, 2067026712, 2067026768, 2067026824, 2067026880, 2067026936,
        2067026992, 2067027048, 2067027104, 2067027160, 2067027216, 2067027272,
        2067027328, 2067027384, 2067027440, 2067027496, 2067027552, 2067027608,
        2067027664, 2067027720, 2067027776, 2067027832, 2067027888, 2067027944,
        2067028000, 2067028056, 2067028112, 2067028168, 2067028224, 2067028280,
        2067028336, 2067028392, 2067028448, 2067028504, 2067028560, 2067028616,
        2067028672, 2067028728, 2067028784, 2067028840, 2067028896, 2067028952,
        2067029008, 2067029064, 2067029120, 2067029176, 2067029232, 2067029288,
        2067029344, 2067029400, 2067029456, 2067029512, 2067029568, 2067029624,
        2067029680, 2067029736, 2067029792, 2067029848, 2067029904, 2067029960,
        2067030016, 2067030072, 2067030128, 2067030184, 2067030240, 2067030296,
        2067030352, 2067030408, 2067030464, 2067030520, 2067030576, 2067030632,
        2067030688, 2067030744, 2067030800, 2067030856, 2067030912, 2067030968,
        2067031024, 2067031080, 2067031136, 2067031192, 2067031248, 2067031304,
        2067031360, 2067031416, 2067031472, 2067031528, 2067031584, 2067031640,
        2067031696, 2067031752, 2067031808, 2067031864, 2067031920, 2067031976,
        2067032032, 2067032088, 2067032144, 2067032200, 2067032256, 2067032312,
        2067032368, 2067032424, 2067032480, 2067032536, 2067032592, 2067032648,
        2067032704, 2067032760, 2067032816, 2067032872, 2067032928, 2067032984,
        2067033040, 2067033096, 2067033152, 2067033208, 2067033264, 2067033320,
        2067033376, 2067033432, 2067033488, 2067033544, 2067033600, 2067033656,
        2067033712, 2067033768, 2067033824, 2067033880, 2067033936, 2067033992,
        2067034048, 2067034104, 2067034160, 2067034216, 2067034272, 2067034328,
        2067034384, 2067034440, 2067034496, 2067034552, 2067034608, 2067034664,
        2067034720, 2067034776, 2067034832, 2067034888, 2067034944, 2067035000,
        2067035056, 2067035112, 2067035168, 2067035224, 2067035280, 2067035336,
        2067035392, 2067035448, 2067035504, 2067035560, 2067035616, 2067035672,
        2067035728, 2067035784, 2067035840, 2067035896, 2067035952, 2067036008,
        2067036064, 2067036120, 2067036176, 2067036232, 2067036288, 2067036344,
        2067036400, 2067036456, 2067036512, 2067036568, 2067036624, 2067036680,
        2067036736, 2067036792, 2067036848, 2067036904, 2067036960, 2067037016,
        2067037072, 2067037128, 2067037184, 2067037240, 2067037296, 2067037352,
        2067037408, 2067037464, 2067037520, 2067037576, 2067037632, 2067037688,
        2067037744, 2067037800, 2067037856, 2067037912, 2067037968, 2067038024,
        2067038080, 2067038136, 2067038192, 2067038248, 2067038304, 2067038360,
        2067038416, 2067038472, 2067038528, 2067038584, 2067038640, 2067038696,
        2067038752, 2067038808, 2067038864, 2067038920, 2067038976, 2067039032,
        2067039088, 2067039144, 2067039200, 2067039256, 2067039312, 2067039368,
        2067039424, 2067039480, 2067039536, 2067039592, 2067039648, 2067039704,
        2067039760, 2067039816, 2067039872, 2067039928, 2067039984, 2067040040,
        2067040096, 2067040152, 2067040208, 2067040264, 2067040320, 2067040376,
        2067040432, 2067040488, 2067040544, 2067040600, 2067040656, 2067040712,
        2067040768, 2067040824, 2067040880, 2067040936, 2067040992, 2067041048,
        2067041104, 2067041160, 2067041216, 2067041272, 2067041328, 2067041384,
        2067041440, 2067041496, 2067041552, 2067041608, 2067041664, 2067041720,
        2067041776, 2067041832, 2067041888, 2067041944, 2067042000, 2067042056,
        2067042112, 2067042168, 2067042224, 2067042280, 2067042336, 2067042392,
        2067042448, 2067042504, 2067042560, 2067042616, 2067042672, 2067042728,
        2067042784, 2067042840, 2067042896, 2067042952, 2067043008, 2067043064,
        2067043120, 2067043176, 2067043232, 2067043288, 2067043344, 2067043400,
        2067043456, 2067043512, 2067043568, 2067043624, 2067043680, 2067043736,
        2067043792, 2067043848, 2067043904, 2067043960, 2067044016, 2067044072,
        2067044128, 2067044184, 2067044240, 2067044296, 2067044352, 2067044408,
        2067044464, 2067044520, 2067044576, 2067044632, 2067044688, 2067044744,
        2067044800, 2067044856, 2067044912, 2067044968, 2067045024, 2067045080,
        2067045136, 2067045192, 2067045248, 2067045304, 2067045360, 2067045416,
        2067045472, 2067045528, 2067045584, 2067045640, 2067045696, 2067045752,
        2067045808, 2067045864, 2067045920, 2067045976, 2067046032, 2067046088,
        2067046144, 2067046200, 2067046256, 2067046312, 2067046368, 2067046424,
        2067046480, 2067046536, 2067046592, 2067046648, 2067046704, 2067046760,
        2067046816, 2067046872, 2067046928, 2067046984, 2067047040, 2067047096,
        2067047152, 2067047208, 2067047264, 2067047320, 2067047376, 2067047432,
        2067047488, 2067047544, 2067047600, 2067047656, 2067047712, 2067047768,
        2067047824, 2067047880, 2067047936, 2067047992, 2067048048, 2067048104,
        2067048160, 2067048216, 2067048272, 2067048328, 2067048384, 2067048440,
        2067048496, 2067048552, 2067048608, 2067048664, 2067048720, 2067048776,
        2067048832, 2067048888, 2067048944, 2067049000, 2067049056, 2067049112,
        2067049168, 2067049224, 2067049280, 2067049336, 2067049392, 2067049448,
        2067049504, 2067049560, 2067049616, 2067049672, 2067049728, 2067049784,
        2067049840, 2067049896, 2067049952, 2067050008, 2067050064, 2067050120,
        2067050176, 2067050232, 2067050288, 2067050344, 2067050400, 2067050456,
        2067050512, 2067050568, 2067050624, 2067050680, 2067050736, 2067050792,
        2067050848, 2067050904, 2067050960, 2067051016, 2067051072, 2067051128,
        2067051184, 2067051240, 2067051296, 2067051352, 2067051408, 2067051464,
        2067051520, 2067051576, 2067051632, 2067051688, 2067051744, 2067051800,
        2067051856, 2067051912, 2067051968, 2067052024, 2067052080, 2067052136,
        2067052192, 2067052248, 2067052304, 2067052360, 2067052416, 2067052472,
        2067052528, 2067052584, 2067052640, 2067052696, 2067052752, 2067052808,
        2067052864, 2067052920, 2067052976, 2067053032, 2067053088, 2067053144,
        2067053200, 2067053256, 2067053312, 2067053368, 2067053424, 2067053480,
        2067053536, 2067053592, 2067053648, 2067053704, 2067053760, 2067053816,
        2067053872, 2067053928, 2067053984, 2067054040, 2067054096, 2067054152,
        2067054208, 2067054264, 2067054320, 2067054376, 2067054432, 2067054488,
        2067054544, 2067054600, 2067054656, 2067054712, 2067054768, 2067054824,
        2067054880, 2067054936, 2067054992, 2067055048, 2067055104, 2067055160,
        2067055216, 2067055272, 2067055328, 2067055384, 2067055440, 2067055496,
        2067055552, 2067055608, 2067055664, 2067055720, 2067055776, 2067055832,
        2067055888, 2067055944, 2067056000, 2067056056, 2067056112, 2067056168,
        2067056224, 2067056280, 2067056336, 2067056392, 2067056448, 2067056504,
        2067056560, 2067056616, 2067056672, 2067056728, 2067056784, 2067056840,
        2067056896, 2067056952, 2067057008, 2067057064, 2067057120, 2067057176,
        2067057232, 2067057288, 2067057344, 2067057400, 2067057456, 2067057512,
        2067057568, 2067057624, 2067057680, 2067057736, 2067057792, 2067057848,
        2067057904, 2067057960, 2067058016, 2067058072, 2067058128, 2067058184,
        2067058240, 2067058296, 2067058352, 2067058408, 2067058464, 2067058520,
        2067058576, 2067058632, 2067058688, 2067058744, 2067058800, 2067058856,
        2067058912, 2067058968, 2067059024, 2067059080, 2067059136, 2067059192,
        2067059248, 2067059304, 2067059360, 2067059416, 2067059472, 2067059528,
        2067059584, 2067059640, 2067059696, 2067059752, 2067059808, 2067059864,
        2067059920, 2067059976, 2067060032, 2067060088, 2067060144, 2067060200,
        2067060256, 2067060312, 2067060368, 2067060424, 2067060480, 2067060536,
        2067060592, 2067060648, 2067060704, 2067060760, 2067060816, 2067060872,
        2067060928, 2067060984, 2067061040, 2067061096, 2067061152, 2067061208,
        2067061264, 2067061320, 2067061376, 2067061432, 2067061488, 2067061544,
        2067061600, 2067061656, 2067061712, 2067061768, 2067061824, 2067061880,
        2067061936, 2067061992, 2067062048, 2067062104, 2067062160, 2067062216,
        2067062272, 2067062328, 2067062384, 2067062440, 2067062496, 2067062552,
        2067062608, 2067062664, 2067062720, 2067062776, 2067062832, 2067062888,
        2067062944, 2067063000, 2067063056, 2067063112, 2067063168, 2067063224,
        2067063280, 2067063336, 2067063392, 2067063448, 2067063504, 2067063560,
        2067063616, 2067063672, 2067063728, 2067063784, 2067063840, 2067063896,
        2067063952, 2067064008, 2067064064, 2067064120, 2067064176, 2067064232,
        2067064288, 2067064344, 2067064400, 2067064456, 2067064512, 2067064568,
        2067064624, 2067064680, 2067064736, 2067064792, 2067064848, 2067064904,
        2067064960, 2067065016, 2067065072, 2067065128, 2067065184, 2067065240,
        2067065296, 2067065352, 2067065408, 2067065464, 2067065520, 2067065576,
        2067065632, 2067065688, 2067065744, 2067065800, 2067065856, 2067065912,
        2067065968, 2067066024, 2067066080, 2067066136, 2067066192, 2067066248,
        2067066304, 2067066360, 2067066416, 2067066472, 2067066528, 2067066584,
        2067066640, 2067066696, 2067066752, 2067066808, 2067066864, 2067066920,
        2067066976, 2067067032, 2067067088, 2067067144, 2067067200, 2067067256,
        2067067312, 2067067368, 2067067424, 2067067480, 2067067536, 2067067592,
        2067067648, 2067067704, 2067067760, 2067067816, 2067067872, 2067067928,
        2067067984, 2067068040, 2067068096, 2067068152, 2067068208, 2067068264,
        2067068320, 2067068376, 2067068432, 2067068488, 2067068544, 2067068600,
        2067068656, 2067068712, 2067068768, 2067068824, 2067068880, 2067068936,
        2067068992, 2067069048, 2067069104, 2067069160, 2067069216, 2067069272,
        2067069328, 2067069384, 2067069440, 2067069496, 2067069552, 2067069608,
        2067069664, 2067069720, 2067069776, 2067069832, 2067069888, 2067069944,
        2067070000, 2067070056, 2067070112, 2067070168, 2067070224, 2067070280,
        2067070336, 2067070392, 2067070448, 2067070504, 2067070560, 2067070616,
        2067070672, 2067070728, 2067070784, 2067070840, 2067070896, 2067070952,
        2067071008, 2067071064, 2067071120, 2067071176, 2067071232, 2067071288,
        2067071344, 2067071400, 2067071456, 2067071512, 2067071568, 2067071624,
        2067071680, 2067071736, 2067071792, 2067071848, 2067071904, 2067071960,
        2067072016, 2067072072, 2067072128, 2067072184, 2067072240, 2067072296,
        2067072352, 2067072408, 2067072464, 2067072520, 2067072576, 2067072632,
        2067072688, 2067072744, 2067072800, 2067072856, 2067072912, 2067072968,
        2067073024, 2067073080, 2067073136, 2067073192, 2067073248, 2067073304,
        2067073360, 2067073416, 2067073472, 2067073528, 2067073584, 2067073640,
        2067073696, 2067073752, 2067073808, 2067073864, 2067073920, 2067073976,
        2067074032, 2067074088, 2067074144, 2067074200, 2067074256, 2067074312,
        2067074368, 2067074424, 2067074480, 2067074536, 2067074592, 2067074648,
        2067074704, 2067074760, 2067074816, 2067074872, 2067074928, 2067074984,
        2067075040, 2067075096, 2067075152, 2067075208, 2067075264, 2067075320,
        2067075376, 2067075432, 2067075488, 2067075544, 2067075600, 2067075656,
        2067075712, 2067075768, 2067075824, 2067075880, 2067075936, 2067075992,
        2067076048, 2067076104, 2067076160, 2067076216, 2067076272, 2067076328,
        2067076384, 2067076440, 2067076496, 2067076552, 2067076608, 2067076664,
        2067076720, 2067076776, 2067076832, 2067076888, 2067076944, 2067077000,
        2067077056, 2067077112, 2067077168, 2067077224, 2067077280, 2067077336,
        2067077392, 2067077448, 2067077504, 2067077560, 2067077616, 2067077672,
        2067077728, 2067077784, 2067077840, 2067077896, 2067077952, 2067078008,
        2067078064, 2067078120, 2067078176, 2067078232, 2067078288, 2067078344,
        2067078400, 2067078456, 2067078512, 2067078568, 2067078624, 2067078680,
        2067078736, 2067078792, 2067078848, 2067078904, 2067078960, 2067079016,
        2067079072, 2067079128, 2067079184, 2067079240, 2067079296, 2067079352,
        2067079408, 2067079464, 2067079520, 2067079576, 2067079632, 2067079688,
        2067079744, 2067079800, 2067079856, 2067079912, 2067079968, 2067080024,
        2067080080, 2067080136, 2067080192, 2067080248, 2067080304, 2067080360,
        2067080416, 2067080472, 2067080528, 2067080584, 2067080640, 2067080696,
        2067080752, 2067080808, 2067080864, 2067080920, 2067080976, 2067081032,
        2067081088, 2067081144, 2067081200, 2067081256, 2067081312, 2067081368,
        2067081424, 2067081480, 2067081536, 2067081592, 2067081648, 2067081704,
        2067081760, 2067081816, 2067081872, 2067081928, 2067081984, 2067082040,
        2067082096, 2067082152, 2067082208, 2067082264, 2067082320, 2067082376,
        2067082432, 2067082488, 2067082544, 2067082600, 2067082656, 2067082712,
        2067082768, 2067082824, 2067082880, 2067082936, 2067082992, 2067083048,
        2067083104, 2067083160, 2067083216, 2067083272, 2067083328, 2067083384,
        2067083440, 2067083496, 2067083552, 2067083608, 2067083664, 2067083720,
        2067083776, 2067083832, 2067083888, 2067083944, 2067084000, 2067084056,
        2067084112, 2067084168, 2067084224, 2067084280, 2067084336, 2067084392,
        2067084448, 2067084504, 2067084560, 2067084616, 2067084672, 2067084728,
        2067084784, 2067084840, 2067084896, 2067084952, 2067085008, 2067085064,
        2067085120, 2067085176, 2067085232, 2067085288, 2067085344, 2067085400,
        2067085456, 2067085512, 2067085568, 2067085624, 2067085680, 2067085736,
        2067085792, 2067085848, 2067085904, 2067085960, 2067086016, 2067086072,
        2067086128, 2067086184, 2067086240, 2067086296, 2067086352, 2067086408,
        2067086464, 2067086520, 2067086576, 2067086632, 2067086688, 2067086744,
        2067086800, 2067086856, 2067086912, 2067086968, 2067087024, 2067087080,
        2067087136, 2067087192, 2067087248, 2067087304, 2067087360, 2067087416,
        2067087472, 2067087528, 2067087584, 2067087640, 2067087696, 2067087752,
        2067087808, 2067087864, 2067087920, 2067087976, 2067088032, 2067088088,
        2067088144, 2067088200, 2067088256, 2067088312, 2067088368, 2067088424,
        2067088480, 2067088536, 2067088592, 2067088648, 2067088704, 2067088760,
        2067088816, 2067088872, 2067088928, 2067088984, 2067089040, 2067089096,
        2067089152, 2067089208, 2067089264, 2067089320, 2067089376, 2067089432,
        2067089488, 2067089544, 2067089600, 2067089656, 2067089712, 2067089768,
        2067089824, 2067089880, 2067089936, 2067089992, 2067090048, 2067090104,
        2067090160, 2067090216, 2067090272, 2067090328, 2067090384, 2067090440,
        2067090496, 2067090552, 2067090608, 2067090664, 2067090720, 2067090776,
        2067090832, 2067090888, 2067090944, 2067091000, 2067091056, 2067091112,
        2067091168, 2067091224, 2067091280, 2067091336, 2067091392, 2067091448,
        2067091504, 2067091560, 2067091616, 2067091672, 2067091728, 2067091784,
        2067091840, 2067091896, 2067091952, 2067092008, 2067092064, 2067092120,
        2067092176, 2067092232, 2067092288, 2067092344, 2067092400, 2067092456,
        2067092512, 2067092568, 2067092624, 2067092680, 2067092736, 2067092792,
        2067092848, 2067092904, 2067092960, 2067093016, 2067093072, 2067093128,
        2067093184, 2067093240, 2067093296, 2067093352, 2067093408, 2067093464,
        2067093520, 2067093576, 2067093632, 2067093688, 2067093744, 2067093800,
        2067093856, 2067093912, 2067093968, 2067094024, 2067094080, 2067094136,
        2067094192, 2067094248, 2067094304, 2067094360, 2067094416, 2067094472,
        2067094528, 2067094584, 2067094640, 2067094696, 2067094752, 2067094808,
        2067094864, 2067094920, 2067094976, 2067095032, 2067095088, 2067095144,
        2067095200, 2067095256, 2067095312, 2067095368, 2067095424, 2067095480,
        2067095536, 2067095592, 2067095648, 2067095704, 2067095760, 2067095816,
        2067095872, 2067095928, 2067095984, 2067096040, 2067096096, 2067096152,
        2067096208, 2067096264, 2067096320, 2067096376, 2067096432, 2067096488,
        2067096544, 2067096600, 2067096656, 2067096712, 2067096768, 2067096824,
        2067096880, 2067096936, 2067096992, 2067097048, 2067097104, 2067097160,
        2067097216, 2067097272, 2067097328, 2067097384, 2067097440, 2067097496,
        2067097552, 2067097608, 2067097664, 2067097720, 2067097776, 2067097832,
        2067097888, 2067097944, 2067098000, 2067098056, 2067098112, 2067098168,
        2067098224, 2067098280, 2067098336, 2067098392, 2067098448, 2067098504,
        2067098560, 2067098616, 2067098672, 2067098728, 2067098784, 2067098840,
        2067098896, 2067098952, 2067099008, 2067099064, 2067099120, 2067099176,
        2067099232, 2067099288, 2067099344, 2067099400, 2067099456, 2067099512,
        2067099568, 2067099624, 2067099680, 2067099736, 2067099792, 2067099848,
        2067099904, 2067099960, 2067100016, 2067100072, 2067100128, 2067100184,
        2067100240, 2067100296, 2067100352, 2067100408, 2067100464, 2067100520,
        2067100576, 2067100632, 2067100688, 2067100744, 2067100800, 2067100856,
        2067100912, 2067100968, 2067101024, 2067101080, 2067101136, 2067101192,
        2067101248, 2067101304, 2067101360, 2067101416, 2067101472, 2067101528,
        2067101584, 2067101640, 2067101696, 2067101752, 2067101808, 2067101864,
        2067101920, 2067101976, 2067102032, 2067102088, 2067102144, 2067102200,
        2067102256, 2067102312, 2067102368, 2067102424, 2067102480, 2067102536,
        2067102592, 2067102648, 2067102704, 2067102760, 2067102816, 2067102872,
        2067102928, 2067102984, 2067103040, 2067103096, 2067103152, 2067103208,
        2067103264, 2067103320, 2067103376, 2067103432, 2067103488, 2067103544,
        2067103600, 2067103656, 2067103712, 2067103768, 2067103824, 2067103880,
        2067103936, 2067103992, 2067104048, 2067104104, 2067104160, 2067104216,
        2067104272, 2067104328, 2067104384, 2067104440, 2067104496, 2067104552,
        2067104608, 2067104664, 2067104720, 2067104776, 2067104832, 2067104888,
        2067104944, 2067105000, 2067105056, 2067105112, 2067105168, 2067105224,
        2067105280, 2067105336, 2067105392, 2067105448, 2067105504, 2067105560,
        2067105616, 2067105672, 2067105728, 2067105784, 2067105840, 2067105896,
        2067105952, 2067106008, 2067106064, 2067106120, 2067106176, 2067106232,
        2067106288, 2067106344, 2067106400, 2067106456, 2067106512, 2067106568,
        2067106624, 2067106680, 2067106736, 2067106792, 2067106848, 2067106904,
        2067106960, 2067107016, 2067107072, 2067107128, 2067107184, 2067107240,
        2067107296, 2067107352, 2067107408, 2067107464, 2067107520, 2067107576,
        2067107632, 2067107688, 2067107744, 2067107800, 2067107856, 2067107912,
        2067107968, 2067108024, 2067108080, 2067108136, 2067108192, 2067108248,
        2067108304, 2067108360, 2067108416, 2067108472, 2067108528, 2067108584,
        2067108640, 2067108696, 2067108752, 2067108808, 2067108864, 2067108920,
        2067108976, 2067109032, 2067109088, 2067109144, 2067109200, 2067109256,
        2067109312, 2067109368, 2067109424, 2067109480, 2067109536, 2067109592,
        2067109648, 2067109704, 2067109760, 2067109816, 2067109872, 2067109928,
        2067109984, 2067110040, 2067110096, 2067110152, 2067110208, 2067110264,
        2067110320, 2067110376, 2067110432, 2067110488, 2067110544, 2067110600,
        2067110656, 2067110712, 2067110768, 2067110824, 2067110880, 2067110936,
        2067110992, 2067111048, 2067111104, 2067111160, 2067111216, 2067111272,
        2067111328, 2067111384, 2067111440, 2067111496, 2067111552, 2067111608,
        2067111664, 2067111720, 2067111776, 2067111832, 2067111888, 2067111944,
        2067112000, 2067112056, 2067112112, 2067112168, 2067112224, 2067112280,
        2067112336, 2067112392, 2067112448, 2067112504, 2067112560, 2067112616,
        2067112672, 2067112728, 2067112784, 2067112840, 2067112896, 2067112952,
        2067113008, 2067113064, 2067113120, 2067113176, 2067113232, 2067113288,
        2067113344, 2067113400, 2067113456, 2067113512, 2067113568, 2067113624,
        2067113680, 2067113736, 2067113792, 2067113848, 2067113904, 2067113960,
        2067114016, 2067114072, 2067114128, 2067114184, 2067114240, 2067114296,
        2067114352, 2067114408, 2067114464, 2067114520, 2067114576, 2067114632,
        2067114688, 2067114744, 2067114800, 2067114856, 2067114912, 2067114968,
        2067115024, 2067115080, 2067115136, 2067115192, 2067115248, 2067115304,
        2067115360, 2067115416, 2067115472, 2067115528, 2067115584, 2067115640,
        2067115696, 2067115752, 2067115808, 2067115864, 2067115920, 2067115976,
        2067116032, 2067116088, 2067116144, 2067116200, 2067116256, 2067116312,
        2067116368, 2067116424, 2067116480, 2067116536, 2067116592, 2067116648,
        2067116704, 2067116760, 2067116816, 2067116872, 2067116928, 2067116984,
        2067117040, 2067117096, 2067117152, 2067117208, 2067117264, 2067117320,
        2067117376, 2067117432, 2067117488, 2067117544, 2067117600, 2067117656,
        2067117712, 2067117768, 2067117824, 2067117880, 2067117936, 2067117992,
        2067118048, 2067118104, 2067118160, 2067118216, 2067118272, 2067118328,
        2067118384, 2067118440, 2067118496, 2067118552, 2067118608, 2067118664,
        2067118720, 2067118776, 2067118832, 2067118888, 2067118944, 2067119000,
        2067119056, 2067119112, 2067119168, 2067119224, 2067119280, 2067119336,
        2067119392, 2067119448, 2067119504, 2067119560, 2067119616, 2067119672,
        2067119728, 2067119784, 2067119840, 2067119896, 2067119952, 2067120008,
        2067120064, 2067120120, 2067120176, 2067120232, 2067120288, 2067120344,
        2067120400, 2067120456, 2067120512, 2067120568, 2067120624, 2067120680,
        2067120736, 2067120792, 2067120848, 2067120904, 2067120960, 2067121016,
        2067121072, 2067121128, 2067121184, 2067121240, 2067121296, 2067121352,
        2067121408, 2067121464, 2067121520, 2067121576, 2067121632, 2067121688,
        2067121744, 2067121800, 2067121856, 2067121912, 2067121968, 2067122024,
        2067122080, 2067122136, 2067122192, 2067122248, 2067122304, 2067122360,
        2067122416, 2067122472, 2067122528, 2067122584, 2067122640, 2067122696,
        2067122752, 2067122808, 2067122864, 2067122920, 2067122976, 2067123032,
        2067123088, 2067123144, 2067123200, 2067123256, 2067123312, 2067123368,
        2067123424, 2067123480, 2067123536, 2067123592, 2067123648, 2067123704,
        2067123760, 2067123816, 2067123872, 2067123928, 2067123984, 2067124040,
        2067124096, 2067124152, 2067124208, 2067124264, 2067124320, 2067124376,
        2067124432, 2067124488, 2067124544, 2067124600, 2067124656, 2067124712,
        2067124768, 2067124824, 2067124880, 2067124936, 2067124992, 2067125048,
        2067125104, 2067125160, 2067125216, 2067125272, 2067125328, 2067125384,
        2067125440, 2067125496, 2067125552, 2067125608, 2067125664, 2067125720,
        2067125776, 2067125832, 2067125888, 2067125944, 2067126000, 2067126056,
        2067126112, 2067126168, 2067126224, 2067126280, 2067126336, 2067126392,
        2067126448, 2067126504, 2067126560, 2067126616, 2067126672, 2067126728,
        2067126784, 2067126840, 2067126896, 2067126952, 2067127008, 2067127064,
        2067127120, 2067127176, 2067127232, 2067127288, 2067127344, 2067127400,
        2067127456, 2067127512, 2067127568, 2067127624, 2067127680, 2067127736,
        2067127792, 2067127848, 2067127904, 2067127960, 2067128016, 2067128072,
        2067128128, 2067128184, 2067128240, 2067128296, 2067128352, 2067128408,
        2067128464, 2067128520, 2067128576, 2067128632, 2067128688, 2067128744,
        2067128800, 2067128856, 2067128912, 2067128968, 2067129024, 2067129080,
        2067129136, 2067129192, 2067129248, 2067129304, 2067129360, 2067129416,
        2067129472, 2067129528, 2067129584, 2067129640, 2067129696, 2067129752,
        2067129808, 2067129864, 2067129920, 2067129976, 2067130032, 2067130088,
        2067130144, 2067130200, 2067130256, 2067130312, 2067130368, 2067130424,
        2067130480, 2067130536, 2067130592, 2067130648, 2067130704, 2067130760,
        2067130816, 2067130872, 2067130928, 2067130984, 2067131040, 2067131096,
        2067131152, 2067131208, 2067131264, 2067131320, 2067131376, 2067131432,
        2067131488, 2067131544, 2067131600, 2067131656, 2067131712, 2067131768,
        2067131824, 2067131880, 2067131936, 2067131992, 2067132048, 2067132104,
        2067132160, 2067132216, 2067132272, 2067132328, 2067132384, 2067132440,
        2067132496, 2067132552, 2067132608, 2067132664, 2067132720, 2067132776,
        2067132832, 2067132888, 2067132944, 2067133000, 2067133056, 2067133112,
        2067133168, 2067133224, 2067133280, 2067133336, 2067133392, 2067133448,
        2067133504, 2067133560, 2067133616, 2067133672, 2067133728, 2067133784,
        2067133840, 2067133896, 2067133952, 2067134008, 2067134064, 2067134120,
        2067134176, 2067134232, 2067134288, 2067134344, 2067134400, 2067134456,
        2067134512, 2067134568, 2067134624, 2067134680, 2067134736, 2067134792,
        2067134848, 2067134904, 2067134960, 2067135016, 2067135072, 2067135128,
        2067135184, 2067135240, 2067135296, 2067135352, 2067135408, 2067135464,
        2067135520, 2067135576, 2067135632, 2067135688, 2067135744, 2067135800,
        2067135856, 2067135912, 2067135968, 2067136024, 2067136080, 2067136136,
        2067136192, 2067136248, 2067136304, 2067136360, 2067136416, 2067136472,
        2067136528, 2067136584, 2067136640, 2067136696, 2067136752, 2067136808,
        2067136864, 2067136920, 2067136976, 2067137032, 2067137088, 2067137144,
        2067137200, 2067137256, 2067137312, 2067137368, 2067137424, 2067137480,
        2067137536, 2067137592, 2067137648, 2067137704, 2067137760, 2067137816,
        2067137872, 2067137928, 2067137984, 2067138040, 2067138096, 2067138152,
        2067138208, 2067138264, 2067138320, 2067138376, 2067138432, 2067138488,
        2067138544, 2067138600, 2067138656, 2067138712, 2067138768, 2067138824,
        2067138880, 2067138936, 2067138992, 2067139048, 2067139104, 2067139160,
        2067139216, 2067139272, 2067139328, 2067139384, 2067139440, 2067139496,
        2067139552, 2067139608, 2067139664, 2067139720, 2067139776, 2067139832,
        2067139888, 2067139944, 2067140000, 2067140056, 2067140112, 2067140168,
        2067140224, 2067140280, 2067140336, 2067140392, 2067140448, 2067140504,
        2067140560, 2067140616, 2067140672, 2067140728, 2067140784, 2067140840,
        2067140896, 2067140952, 2067141008, 2067141064, 2067141120, 2067141176,
        2067141232, 2067141288, 2067141344, 2067141400, 2067141456, 2067141512,
        2067141568, 2067141624, 2067141680, 2067141736, 2067141792, 2067141848,
        2067141904, 2067141960, 2067142016, 2067142072, 2067142128, 2067142184,
        2067142240, 2067142296, 2067142352, 2067142408, 2067142464, 2067142520,
        2067142576, 2067142632, 2067142688, 2067142744, 2067142800, 2067142856,
        2067142912, 2067142968, 2067143024, 2067143080, 2067143136, 2067143192,
        2067143248, 2067143304, 2067143360, 2067143416, 2067143472, 2067143528,
        2067143584, 2067143640, 2067143696, 2067143752, 2067143808, 2067143864,
        2067143920, 2067143976, 2067144032, 2067144088, 2067144144, 2067144200,
        2067144256, 2067144312, 2067144368, 2067144424, 2067144480, 2067144536,
        2067144592, 2067144648, 2067144704, 2067144760, 2067144816, 2067144872,
        2067144928, 2067144984, 2067145040, 2067145096, 2067145152, 2067145208,
        2067145264, 2067145320, 2067145376, 2067145432, 2067145488, 2067145544,
        2067145600, 2067145656, 2067145712, 2067145768, 2067145824, 2067145880,
        2067145936, 2067145992, 2067146048, 2067146104, 2067146160, 2067146216,
        2067146272, 2067146328, 2067146384, 2067146440, 2067146496, 2067146552,
        2067146608, 2067146664, 2067146720, 2067146776, 2067146832, 2067146888,
        2067146944, 2067147000, 2067147056, 2067147112, 2067147168, 2067147224,
        2067147280, 2067147336, 2067147392, 2067147448, 2067147504, 2067147560,
        2067147616, 2067147672, 2067147728, 2067147784, 2067147840, 2067147896,
        2067147952, 2067148008, 2067148064, 2067148120, 2067148176, 2067148232,
        2067148288, 2067148344, 2067148400, 2067148456, 2067148512, 2067148568,
        2067148624, 2067148680, 2067148736, 2067148792, 2067148848, 2067148904,
        2067148960, 2067149016, 2067149072, 2067149128, 2067149184, 2067149240,
        2067149296, 2067149352, 2067149408, 2067149464, 2067149520, 2067149576,
        2067149632, 2067149688, 2067149744, 2067149800, 2067149856, 2067149912,
        2067149968, 2067150024, 2067150080, 2067150136, 2067150192, 2067150248,
        2067150304, 2067150360, 2067150416, 2067150472, 2067150528, 2067150584,
        2067150640, 2067150696, 2067150752, 2067150808, 2067150864, 2067150920,
        2067150976, 2067151032, 2067151088, 2067151144, 2067151200, 2067151256,
        2067151312, 2067151368, 2067151424, 2067151480, 2067151536, 2067151592,
        2067151648, 2067151704, 2067151760, 2067151816, 2067151872, 2067151928,
        2067151984, 2067152040, 2067152096, 2067152152, 2067152208, 2067152264,
        2067152320, 2067152376, 2067152432, 2067152488, 2067152544, 2067152600,
        2067152656, 2067152712, 2067152768, 2067152824, 2067152880, 2067152936,
        2067152992, 2067153048, 2067153104, 2067153160, 2067153216, 2067153272,
        2067153328, 2067153384, 2067153440, 2067153496, 2067153552, 2067153608,
        2067153664, 2067153720, 2067153776, 2067153832, 2067153888, 2067153944,
        2067154000, 2067154056, 2067154112, 2067154168, 2067154224, 2067154280,
        2067154336, 2067154392, 2067154448, 2067154504, 2067154560, 2067154616,
        2067154672, 2067154728, 2067154784, 2067154840, 2067154896, 2067154952,
        2067155008, 2067155064, 2067155120, 2067155176, 2067155232, 2067155288,
        2067155344, 2067155400, 2067155456, 2067155512, 2067155568, 2067155624,
        2067155680, 2067155736,
    )

def patch_releases(sfname,releases,value):
    sf = posix.open(sfname,2)
    patch = struct.pack('<h',value)

    for pos in releases:
        posix.lseek(sf,pos-2,0)
        posix.write(sf,patch)

    posix.close(sf)

patch_releases('/usr/pi/soundfont/Black Grand Medium.sf2',bg_releases,-1200)
patch_releases('/usr/pi/soundfont/Tubed Wurli.sf2',tw_releases,-1200)

